1.102746582031250000e+02 2.002854347229003906e+01 1.111052703857421875e+02 1.143115310668945312e+02
1.102788238525390625e+02 2.002742004394531250e+01 3.752556228637695312e+01 1.960022888183593750e+02
1.102775192260742188e+02 2.002511024475097656e+01 4.954151153564453125e+01 8.115118408203125000e+01
1.102752761840820312e+02 2.003043937683105469e+01 7.092031097412109375e+01 1.449237823486328125e+02
1.102705841064453125e+02 2.003838539123535156e+01 7.657923126220703125e+01 1.980574798583984375e+02
1.102643127441406250e+02 2.003260421752929688e+01 6.898332977294921875e+01 1.667183837890625000e+02
1.102697525024414062e+02 2.003787422180175781e+01 6.701722717285156250e+01 1.697237701416015625e+02
1.102699432373046875e+02 2.005874061584472656e+01 1.078069152832031250e+02 1.893352050781250000e+02
1.102566757202148438e+02 2.014535140991210938e+01 1.554644927978515625e+02 2.298727416992187500e+02
1.102490158081054688e+02 2.017021179199218750e+01 1.689883422851562500e+02 2.222770385742187500e+02
1.102758102416992188e+02 2.002581405639648438e+01 7.300000000000000000e+01 6.800000000000000000e+01
1.102783355712890625e+02 2.002581405639648438e+01 3.000000000000000000e+00 1.970000000000000000e+02
1.102802352905273438e+02 2.002482414245605469e+01 2.500000000000000000e+01 8.000000000000000000e+01
1.102808609008789062e+02 2.002383422851562500e+01 2.300000000000000000e+01 1.280000000000000000e+02
1.102802352905273438e+02 2.002482414245605469e+01 2.600000000000000000e+01 2.210000000000000000e+02
1.102675933837890625e+02 2.004263496398925781e+01 1.710000000000000000e+02 2.380000000000000000e+02
1.102663269042968750e+02 2.004560279846191406e+01 1.710000000000000000e+02 2.380000000000000000e+02
1.102663269042968750e+02 2.004560279846191406e+01 1.710000000000000000e+02 2.380000000000000000e+02
1.102631683349609375e+02 2.012179183959960938e+01 1.640000000000000000e+02 1.000000000000000000e+00
1.102637939453125000e+02 2.012475967407226562e+01 1.560000000000000000e+02 7.000000000000000000e+00
